*Vertices 38
	24	Jax
	19	Warwick
	63	Brand
	122	Darius
	21	MissFortune
	92	Riven
	99	Lux
	222	Jinx
	57	Maokai
	412	Thresh
	121	Khazix
	157	Yasuo
	67	Vayne
	75	Nasus
	141	Kayn
	89	Leona
	51	Caitlyn
	25	Morgana
	17	Teemo
	22	Ashe
	110	Varus
	29	Twitch
	86	Garen
	53	Blitzcrank
	12	Alistar
	245	Ekko
	119	Draven
	5	XinZhao
	64	LeeSin
	18	Tristana
	59	JarvanIV
	267	Nami
	16	Soraka
	45	Veigar
	40	Janna
	103	Ahri
	81	Ezreal
*arcs
	222	412	0.6126760563380281
	412	222	0.6126760563380281
	25	18	0.6062992125984252
	18	25	0.6062992125984252
	67	103	0.6190476190476191
	103	67	0.6190476190476191
	75	18	0.6153846153846154
	18	75	0.6153846153846154
	18	103	0.6533333333333333
	103	18	0.6533333333333333
	99	222	0.6081081081081081
	222	99	0.6081081081081081
	18	16	0.6621621621621622
	16	18	0.6621621621621622
	29	245	0.6944444444444444
	245	29	0.6944444444444444
	92	81	0.6056338028169014
	81	92	0.6056338028169014
	29	267	0.6666666666666666
	267	29	0.6666666666666666
	51	53	0.6060606060606061
	53	51	0.6060606060606061
	222	75	0.71875
	157	12	0.765625
	75	222	0.71875
	89	29	0.640625
	29	89	0.640625
	12	157	0.765625
	99	412	0.6290322580645161
	412	99	0.6290322580645161
	24	29	0.6065573770491803
	29	24	0.6065573770491803
	222	5	0.65
	57	67	0.65
	67	57	0.65
	5	222	0.65
	24	40	0.6551724137931034
	40	24	0.6551724137931034
	122	18	0.6842105263157895
	21	121	0.631578947368421
	121	21	0.631578947368421
	51	267	0.6491228070175439
	53	119	0.631578947368421
	119	53	0.631578947368421
	18	122	0.6842105263157895
	267	51	0.6491228070175439
	141	89	0.6785714285714286
	89	141	0.6785714285714286
	22	53	0.625
	53	22	0.625
	17	64	0.6181818181818182
	64	17	0.6181818181818182
	24	89	0.6111111111111112
	21	59	0.6296296296296297
	89	24	0.6111111111111112
	59	21	0.6296296296296297
	24	110	0.6037735849056604
	110	24	0.6037735849056604
	63	29	0.6538461538461539
	21	17	0.6923076923076923
	17	21	0.6923076923076923
	29	63	0.6538461538461539
	19	45	0.6862745098039216
	141	86	0.6078431372549019
	89	86	0.6666666666666666
	86	141	0.6078431372549019
	86	89	0.6666666666666666
	86	81	0.6666666666666666
	45	19	0.6862745098039216
	81	86	0.6666666666666666